500004010000D*0001000001


500014010000D*0000100003123412341234

			  123456789012345678901234	
SerilaNo....NnSnUn..MsLen.Mtm. 
+---+---+-->+>+>+-->+>+-->+-->5    11        21 24
|234|234|234|2|2|234|2|234|234|234|234|2|23456|234
54001234000000FF03FF0000188D5404010000D00000100002
+---+---+-->+>+>+-->+>+-->+-->5    11        21 24
-----------------------------|04010000D000000C0003
D40012340000000103FF000016C05B000003E00004010000

SNo.NnSnUn..MsLen.Mtm. 
+-->+>+>+-->+>+-->+-->5    11        21 24
|234|2|2|234|2|234|234|234|234|2|23456|234
5000010103FF00001A8D5404010000D*0000100002
+-->+>+>+-->+>+-->+-->5    11        21 24
D000010103FF000016C058000003E00004010000

SNo.NnSnUn..MsLen.Mtm.
+-->+>+>+-->+>+-->+-->5    11        21 24
|234|2|2|234|2|234|234|234|234|2|23456|234
00500101FF03001A008D5401040000D*1000000200
+-->+>+>+-->+>+-->+-->5    11        21 24
8050

SNo.NnSnUn..MsLen.Mtm. 
+-->+>+>+-->+>+-->+-->5    11        21 24
|234|2|2|234|2|234|234|234|234|2|23456|234
500000FF03FF000018000004010000D*0000120001 
+-->+>+>+-->+>+-->+-->5    11        21 24
D00000FF03FF0000440000
0032 000A DEAD 0000
0000 0000 0000 0000 
0000 0000 0000 0000 
0000 0000 0000 0000

                  +------- Len: -0x28 = 32+8 = 40 -------+	
SNo.NnSnUn..MsLen.Mtm.Com.Sub.D.Slot..Nw..Data............
+-->+>+>+-->+>+-->+-->5    11        21 24      32  36  40
|234|2|2|234|2|234|234|234|234|2|23456|2345678901234567890
500000FF03FF000028000014010000D*0000100004BEEFDEADBEEFDEAD
500000FF03FF000018000004010000D*0000100004
										 0   1   2   3   4   5   6	 7
									  0x180x1c0x200x240x280x2c0x300x34	
500000FF03FF000028000014010000D*0000100007






